1	1.0	458	4732	2504	2128	562	3640	3758	1475	880	716	3569	4808	3086	1199	5243	2442	2177	1281	3232	3262	2959	3646	4839	80	1820	1904	806	3383	3796	2295	2269	2996	188	3396	2619	3221	3163	2803	3339	3568	4870	3234	2201	3411	3331	2900	3544	952	3227	2311	958	1280
2	1.0	532	2876	1392	2745	3881	2917	4271	3074	1195	2638	3521	2149	4872	3334	1260	3665	5079	3361	2040	4104	4940	3959	501	815	1120	3968	1831	2502	3091	1536	2730	1022	4214	5190	3601	2233	949	4889
3	1.0	3595	1125	676	92	2297	2678	2759	4040	1315	285	1562	4784	3199	3381	3260	2259
4	1.0	4199	4328	1935	6	2593	5132	4053	482	1724	410	1097	2320	4002	3970	3754	3251	1843	1605	1972	205	2254	1579	162	726	3804	2184	4156	1953	1056	859	2271	4925	4676	5135	3338	604	4219	3700	1794	3461	1472	983	1858	2173	1502
5	1.0	5085	3476	4399	47	4769	1719	1568	2382	4670	2763	1980	3730	3637	2986	4780	2501	3189	3900	4476	1801	3150	4197	3827	2223	4283	941	2157	2787	3543	974	3534	2945	4522	158	4783	862	2722	1341	4038	3540	3889	2027	896	1692	3514	5081	2009	3599	439	2474	1352	3315	569	3587	5168	1578	1792	4969	794	768	3931	3218	616	3545	1932	4828	2189	1809	4678	269	2616	718	2903	5018	4838	2710	5172	4991	2281	2817	264	2843	414	917	248	2171	5058	255	4189	4422	3387	2124	4547	2054	1115	1054	504	2121	4540	4267
6	1.0	808	2367	4753	4714	4416	2980	1200	181	2437	2454	4464	933	985	1066	2872	624	1596	2860	2316	4019	1981	3666	1530	552	2634	3020	86	4532	600	537	5115	5148	4204	4967	38	525	4647	2988	2519	1651	968	1424	2826	4954	667	3192	901	811	924	2644	3374	1301	4772	2011	1364	457	1336	1435	2789	5232	2622	3886	1725	1521	641	4167	1350	1946	4035	4836	2071	907	4525	1828	4112	1569	3577	3281	1211	481	3416	3815	1035	1129	3438	5047	4771	4852	3635	1258	3830	4578	4918	3257	3515	1079	5183	4285
7	1.0	1962	67	1405	4432	4069	1179	1598	3120	2104	3084	1659	1918	5037	1297	4801	2884	1612	4192	4664	2637	870	987	4601	5234	3352	976	913	759	1645	4788	2711	3938	788	1174	2587	1293	2065	4016
8	1.0	3769	357	3422	443	2633	70	847	3358	4688	2580	2283	13	1020	935	2749	2313	217	3920	1295	2694	3081	2483	720	839	1414	2503	3433	867	4058	4993	4514	3786	4982	3629	1053	2246	1511
9	1.0	4668	136	2414	3231	5098	337	2618	28	3237	2358	2686	4743	4282	2976	2209	2554	330	2845	2256	4177	4944	4467	3937	1565	4970	4471
10	1.0	2303	4711	2515	2439	415	2265	3969	2891	3768	1428	1685	3305	2415	303	2908	3668	175	3604	2829	882	1745	3746	147	898	3143	4369	1647	3154	929	1114	2856	4585	2963	4113	2797	2839	1915	4592	3442	1967	2756	1059	2971
11	1.0	1150	3324	2892	3316	3483	664	2376	568	5074	3171	3529	1720	4049	2602	3784	3980	2837	1591	2211	5097	4234	2822	2150	3552	3832	4125	1652	4928	4147	1193	5008	827
12	1.0	4486	4573	2630	4759	3187	3608	2293	2835	381	1006	2793	1036	512	368	1867	1270	3172	851	123	4350	2480	4218	2693	1242	5186	3976	1832	2579	1916	4411	1145
13	1.0	4959	3097	1854	280	2550	4494	3474	3709	832	392	3322	1940	1178	1909	1208	1800	4505	384	844	868	3335	4178	2585	4915	4897	1177	4704
14	1.0	3960	3891	527	87	2107	4975	570	1369	4078	687	4390	3904	24	327	2881	890
15	1.0	1201	4949	4378	1467	4343	2555	1839	1675	3654	5157	4001	2975	2136	2325	2601	1111	1159	1001	2037	2895	1014	646	1482	3878	2970	1810
16	1.0	3710	4446	1458	2790	4340	540	2418	1404	2898	4751	1815	1314	4230	3623	4180	3288	3113	936	556	1421	3861	2529	60	951	4728	3252	5066	3767	1357	3034	1544	2824	2530	719	2866	4810	3581	2147	429	211	1155	3564	3073	4667	2356
17	1.0	1062	1773	1975	3996	3580	1653	1089	3248	438	1802	855	3364	506	174	2883	5062	3962	5237	345	1028	2018	740	550	152	4235	5120	2505	927	746	4413	2596	4985	493	2407	3855	4846	966	4749	4110	2085	1805	3408	5076	4319	2384	1593	1892	4679	233	3692	2626	4699	2509	1190	1798
18	1.0	2938	2639	4151	4067	3584	644	4341	2403	3679	224	1627	1673	1661	276	1073	4307	4491	2021	395	3523	3913	5173	463	4705	108	2178	2659	801
19	1.0	288	128	126	4635	3300	4971	5250	2139	1106	98	4389	4021	5127	43	2796	3276	3531	1065	3286	2404	3813	3816	691	4721	3693	4320	4703	2933	3213	3742	4312	1674	2081	1274	4722	2220	25	4465	4787
20	1.0	5147	2565	734	12	2676	2624	3681	199	4609	2229	4004	2910	1711	1901	34	2781
21	1.0	3164	4643	4741	2958	4201	4584	1043	3444	856	1912	4179	4175	238	1688	202	4795	1451	2614
22	1.0	1848	2465	2169	1025	1613	4919	83	2109	2443	634	4666	2304	3249	1016	4604	2186	4854	1327	3778	3046	1827	1518	3333	596	4710	2943	320	1110	1704	2658	3468	3497	3834	2005	3488	5049	2853	4665	4776	748	4238	2	893	3512	2552	2088	2597	206	37	5029	4013	899	1107	4367	3405	4996	4903	2924	2645	1147	281	3739	4956	1104	4992	4610	4253	3844	4632	4567	1069	2244	2538	1153	786	1216	4497	1699	247	2129	1000	1243	4333	4946	3711	3021	1988	3883	5122	3253
23	1.0	897	1532	2333	4568	5032	195	3139	3674	2544	1908	3389	842	4917	5118	3196	5104	1395	4528	4122	467	4455	3185	3810	4459	4690	2528	2517	2302	3186	1629	3110	4334	1379	4173	1137	1420	1426	5050	354	1806	1977	210	32
24	1.0	1863	3884	1456	5021	598	114	1607	1307	1955	2899	3548	4730	397	524	1375	3292	2420	4096	3680	3115	3887	3748	1833	2993	782	1445
25	1.0	4873	5204	4008	4308	2467	2012	1682	1677	2175	3728	221	4910	4296	2702	1105	351	4062	239	2249	4498	1554	1500	626	5235	3181	1516	1590	3914	1010
26	1.0	2165	3026	875	1	3848	45	323	4737	2864	3494	802	1657	3363	660	1078	1238	2636	2155	252	4886	4245	3903	314	4684	2166	1526	705	889	3744	2836	1853	3002	3597	4247	3645	2762	4261	1427	1183	879	3043	3041	4544	1667	4404	5113	3698
27	1.0	2921	3090	2034	3943	2886	3102	1373	620	2395	1268	1241	4554	5162	1989	2379	863	329	1524	2915	208	3741	4581	4740	1961	3981
28	1.0	2257	4814	628	1824	3035	2050	1061	3941	2278	4961	418	3701	3519	2699	649	1684	4650	4193	2591	2222	4803	3572	1192
29	1.0	2668	305	3441	4107	4603	3465	1777	1471	4137	5141	3536	356	714	3130	3547	2666	618	1032	2746	4696	4355	3725	389
30	1.0	4194	213	3998	3336	4565	2907	623	1797	9	1118	1735	2400	1508	3219	5048	5005	339	2066
31	1.0	1469	1300	3843	2879	2279	5101	4439
32	1.0	4591	1928	2506	2663	678	5151	253	2551	946	1505	3038	3212	3287	3718	668	2425	430	3865	2905
33	1.0	2794	1495	5069	5059	4672	2994	5230	1453	2521	2142	5228	4994	573	3809	2887
34	1.0	4963	2352	3578	779	4606	2036	887	2261	186	3922	1325	307	1876	214	4892	1755	3103	1964	1852	2535	1649	3044	68	1478	1602	4617	3147	2023	5012	4405	4481	4037	4830
35	1.0	5131	1592	3401	2309	834	204	1633	1860	3859	1663	4	1401	1871	4278	173	2811	5171	4770	1322	284	3527	4447	1770	4072	3152	4964	2737
36	1.0	5187	4306	1583	3291	317	2060	3793	2844	4336	621	3406
37	1.0	4370	225	3323	2831	497	2868	4402	4251	4990	3946	606	4980	425	1984	2043	4960	1410	3613	2954	1881	4820	1969	1407	3362	567	5206	2275	3686	3087	272	301
38	1.0	1180	1880	378	3770	2276	477	4865	3574	2078	1830	3148	1230	2766	4923	2714	3042	1109	436	1924	509	4269	4628	1168	4511	891	4805	79	2654	184	4775	2119	2364	377	1033	3594	957	2828	2187	2345	2490	4588	4566	2332	2979	2727	4637	780	33	4106	4232	4571	2402	3932	3972	4911
39	1.0	1545	3109	1351	3634	299	2477	1128
40	1.0	2126	1276	3486	4708	1324	3162	4255	2371	4187	3069	787	3987	89	4344	3673	4364	1759	4120	4907	1432
41	1.0	5080	4129	4888	1434	2162	4692	4827	331	431	799	3247	2973
42	1.0	1889	3875	894	1154	4453	724	3871	4538	4546	4227	4215	2181	1090	3675	2199	2241	2026	2068	2039	3790	4479	4468	5165	776	444	1951	2361	3788	4765	4683	2784	2110	2998	4293	3602	3399	2782	1063	4210	688	4605	3706	2564
43	1.0	4844	2775	1483	4200	4485	2484	1292	3297	4757
44	1.0	4090	2046	2741	5222	695	1756	1103	3573	4185	793	4077
45	1.0	3663	531	2262	2546	2549	5111	1491	4330	254	631	736	2362	3818	2499	257	3760	2010	2168	3583	975	4244	3311	2809	1696	960	3852	2299	440	2092	4767
46	1.0	1509	2230	1146	3206	177	5036	3524	3105	3593	2235	1587	1779	1481	1986	1313	154	3498	3653	4595
47	1.0	2620	653	3664	4877	230	4250	1707	101	1838	385	1085	2752	1457	4593	3902	2453	3052	666	4127	1227	2957	4893	1086	3958	1826	4619	4885	1751	2627	830	2871	1950	1275	854	197	1108	5075	2984	2556	775	713	939	2482	1913	3179	4325	4098	3373	4542	2227	3864	2069	1844	784	4207	1758	2163	4493	1209	5027	3092	874	2584	1133	1403	2451	1204	5149	2878	311	3858	717	3197	3317	4377	1625	4126	2019	3446	1698	2738	1566	4243	4457	1515	3901	3704	4052	1354	1380	1814	1910	1662	4826	3606	4460	923
48	1.0	758	2953	950	3993	4225	4391	582	1266	1287	697
49	1.0	4314	4912	4228	1757	3100	2007	3347	671	1226	3511	3734	1729	728	5067	5223	973	1900	3591	2375	5209	1210	2514	4354	2335	1052
50	1.0	1344	3129	2847	566	2322	3684	2390	4841	4875	3492	2342	1728	3	3088	4958	5159	4097	1634	1165	1534	4792	3117	3429	4902	1575	1343	3737	2577	3195	1767	3345	1381	282	396	1690	374	3787	2820	3379	4942	4600	3555	5057	2048	4338	640	4359	3070	2562	642
51	1.0	2264	18	1941	4884	3271	2932	4729
52	1.0	764	3761	3132	2122	3057	4685	433	2643	3332	4441	1422	3236	4412	4509	2897	278	2603	2032	167	2082	5043	3939	4926	1067	814	1883	2450	295	2263	4762	2944	4868	4111	4935	1527
53	1.0	3528	2700	41	1822	4563	625	3188	1207	1586	3677	3622	1383	4437	3302	5055	142	1098	4689	3550	2578	4747	1847	4843	4527	2478	4797	4081
54	1.0	2648	1039	2846	2117	3630	2588	324	3106
55	1.0	3967	2997	547	2545	796	1700	1894	3929	4639	4620	1879	4005
56	1.0	2992	4426	1011	888	4880	3378	421	4000	2116	2537	2680	4646	267	1463	306	4702
57	1.0	1455	3867	3966	11	1166	2289	226	820	5030	1517	3924	261	4717	4539	2571	1385	1736	1138	5060	3609	4254	2270	1353	2472	4387	302	3246	5019	1171	4560
58	1.0	2520	5144	4260	4449	4976	2810	2679
59	1.0	2003	1922	4079	1340	2985	4155	4148	4863	1149	1131
60	1.0	995	55	1620	4618	549	62	4022	5105	3005	1616	97	1701	1978	2893	4756	3995	391	2446	1817	461	4435	970	407	2523	2360	413	3953	64	1450	1081	185	2861	2355	2350	4305	962	4212	3404	5219
61	1.0	2282	3210	3560	3201	2152	979	3836	3061	3160	4080
62	1.0	2193	1156	4913	3638	947
63	1.0	3174	4089	737	3874	2731	5108	4927	3306	824	2344	622	3921	4698	2380	3505	1397	2688	588	3892	707	2497	643	4894	4401	3554	5035	1305	3851	3625	822	366	2401	2769	322	3467	4616	3763	5053	3541	3472	4302	1408	3615	2815	3278	2130	71	3062	1994	1068	5003	4824	1186	699	3485	3659
64	1.0	4045	2286	1666	2819	165	227	3116	494	3551	3667	845	434	3184	704	797	2486	3294	4817	5024	3909	5247	2838	5046	4102	3751	553	4139	1217	4856	1886	3723
65	1.0	4241	2224	4458	4529	2292	2855	1425	4044	3372	65	2632	245	5164	4833	3193	3649	5096	4174	4687	2740	380
66	1.0	7	613	3360	4043	4908	715	2197	4134	124	3644	1679	2613	1983	4012	4761	4300	2962	1791	4357	4154	954
67	1.0	2748	4752	3166	3419	4791	2569	3779	1855	383	1224
68	1.0	1510	1084	1595	75	2496	4231	144	5044	3979	3170	1349	1721	1571	1476	3662	4999	2288	2832	2158	4374	3267	3310	610	997	576	2841	5239	1296	2660	4006	5150	3319	2290	4829	4842	4718	112	1849
69	1.0	3326	2765	1319	1968	2206	5068	1807	858	2087	1310	46	1896	4800	1552	2108	1793	1618	2929	490	393	4033	2974	2045	3469	2051	1406	4530	3320	3801	2127	1734	500	3214	686	334	2989	2805	571	3307
70	1.0	4158	5083	2373	4249	3732	3567	984	4119	4533	291	2455	470
71	1.0	4649	4279	4448	3453	474	3341	4149	2405	904	1963	1929	1535	4536	2754	3167	3731	4621	3475	4475	2153	5064	1717	635	222	943	133	965	1231	2214	3877	4879	1671
72	1.0	4388	4478	244	2631	2956	107	4272	3155	76	3691	4209	2791	2485	5102	2589	1664	1027
73	1.0	219	1029	2919	496	969	340	1632
74	1.0	3648	1269	1636	836	1733	3272	3054	2365	861	3973	1189	1494	5028	479	57	1326	1493	4363	785	2862	139	4508	2002	1911	2882	4165	3161	3178	2228	1862
75	1.0	1009	4882	3142	2469	3785	905	3821	3191	183	1558	3417	2735	1321	1628	1812	521
76	1.0	1919	1175	1167	2298	375	2075	2353	3254	3814	710	617	4523	4962	3217	3628	530	1283	435	1531	1191	3078	2689
77	1.0	4973	4132	153	648	1004	275	4989	825	2661	106	1821	3715	35	3131	4208	1423	1943	523	1786	442	1845	4901	326	1158	4700	3490	1018	119	3915	2927	209	4287	2314	3507	3158	170	2014	3464	353	5225	1261	2508	5248	42	4500	3123	2513	2140	2296	575	3077	2434	1249	1695	1804	3403
78	1.0	981	1400	2761	4430	4742	3457	228	2436	3264	2077	3145	3733	370	1418	4229	2894	1037	1744	1415	2113	3392	460	727	4372	3712	5145	10	3018	2468	3780	145	1348	1752	4881	1223	4891	3762	3202	3897	3304	4290	3538	3223	1976	5177	4794	321	2132	533	4462	703	4339	1101	1936	2464	3478	529	2274	3388	1390	473	1316	1443	548	821	4291	1496	1391	2202	925	4557	3165	544	2285	3727	1384	3683	1299	673	2164	3773	1244	1318	1363
79	1.0	3204	1594	3211	1412	4490	1372	3239	4576	2713	3950	2216	2981	4060	2301	4424	739	1619	2967	2760	1442	4607	1670
80	1.0	2096	3520	2925	2574	4543	4252	4624	4146	304	2873	3495	1342	454	994	4085	4347	1113	2695	4734	4572	818	2664	2363	127	4419	3443	612
81	1.0	931	4239	3350	895	2755	3579	416	3194	2744	878	601	4070	5175	4793	517	741	3029	1251	2928	1856	1416	3421	168	4400	4553	4939	3353	1277	3927	3367	849	3266
82	1.0	804	352	4896	2598	1927	466	692	3516	3269	2416	4074	783	5211	3407	5138	1703	1743	5143	1253	294	2728	5231	3726	4324	4799	137	3984	2207	1091	4822	4352	3906
83	1.0	4914	365	3502	4186	3660	5089	3951	4429	2772	3826	781	3792	359	4900	3532	5040	4733	1304	5185	1141
84	1.0	777	4397	1764	2623	4351	472	1447	1320	4277	2396	4133	1898	2850	750	3647	3717	1882	96	774	3241	1248	3112	2466	3180
85	1.0	3463	2531	1003	4124	5163	3800	3687	3111	2346	2576	3561	1050	3676	3542	3828	2950	1306	3259	1513	2239	3820	5182	4169	2137	235	4861	5194	1291	2568	1323	539	1945	543	659
86	1.0	1888	4569	4286	3575	1749	3243	744	1382	50	3079	1584	745	1284	1044	2852	1135	3448	1539	4682	4952	614	4109	4658	3672	3489	3224	164	3357	790	1537	1041	1923	3888	2532	812	986	3327	5070	5087	5202	446	4850	3789	2874	2573	1573	2247	4130	5042	2240	564	5197	4042	934	5014	4984	1130	3377	1874	3141	3036	1240	455	964	81	4015	4055	2291	1644	1665	2091	4248	1857	4524	1529	2144	4864	4289	2417	1058	4548	349	2016	4356	4898	4061	318	424	2391	1599	4066	3420	3462	2706	171	350	2135	1681
87	1.0	4582	2188	3556	877	1309	237	615	2518	2225	2739	2038	4613	2734	4433	2621	1850	4056	4386	4203	4170	5180	2982	116	2724	4301	638	508	938	355	2393	4580	4361	2268	581	519	3225	1096	4131	1555	2323	3620	2406	4423	2041	4136	4036	1934	2923	5155	2999	853	3283	3440	1285	2457	215	2859	3917	113	809	2723	953	2231	4763	1520	630
88	1.0	343	1942	4615	2801	4017	5086	608	1055	4057	2548	3997	2607	1556	4789	3104
89	1.0	4816	679	348	4883	1169	1766	4443	3484	172	1346	3624	5160	1237
90	1.0	3229	2226	364	1474	1092	2875	2370	559	2941
91	1.0	3182	3774	3135	4531	3329	4276	4934	1377	3183	515	4931	587	5199	3992	3954	1235	2280	1799	2487	4713	2305	1574	2516	4246	2070	1185	4025	884	2141	4075	3535	1611	388	4654	988	398	1760	4394	5022	4323	5229	5181	1008	2966	3825	1560	2318	361	2823	2234	4862	4929	2635	3309	1803	382	1072	2541	3089	1007	4183	4382	1267	2419	4281	2671	1548	1278	241	1559	1954	1808	4506	102	1872	63	2310	4847	3588	5136	3899	3313	3990	1286	1311	2131	2196	2022	1547	3413	3290	4376	2642	2494
92	1.0	5218	390	2753	3618	3203	412	379	300	922	2260
93	1.0	3772	2655	5094	2118	2017	4575	4434	5071	5189	3055	2369	1567	1213	2459	912	2426	3794	1272	1897	484	3235	3434	2015	4614	1220	3949	3432	4266	1484	292	4965	2055	629	236	3209	49	2540	670	3349	1938	4168	2461	3850	400	2194	3928	2315
94	1.0	2880	3952	2190	3366	1126	1398	422	4644	1203	2330	1835	4123	948	1694	216	1024	1134	4972	3273	864	4867	1893	4164	1015	4031	4895	911	134	2232	1232	3222	813	2366	2667	5238	3896	4802	4236	3016	1775	1013	2383	5215	1774	3159	176	3004	4303	755	2990	2788	2412	3071	5065	3571	5221	3376	2493	1563	4727	915	2665	2774	192	507	1697	1376	2203	2255	1851	4427	1378	2218	2527	1623	690	3384	959	376
95	1.0	850	17	2047	2476	3720	1906	1329	4916	5201	2205	2592	1638	1762	2605	1339	4812	3006	3133	2611	3395	2388	5139	3354	5198
96	1.0	2448	2926	3157	3845	465	505	3656	2582	1947	1895	4489	2742	1680	5242	1368	3033	1878	2848	4332	1785	3245	5121	869	4373	4656	4418	1100	4612	594	3533	4988	4807	2063	4909	980	876	2094	1769	1753	1259	3031	105	672	5023	1263	140	3482	450	5196	1944	4979	3948	1460	1454	4415	3600	3280	1330	1576	2913	1952	2324	5082
97	1.0	5077	3961	182	5051	1202	1446	3885	2840	3126	1046	1974	2284	2628	1741	3058	3205	892	488	2542	5184	574	1646	992	3964	22	409	789	3806	857	3068	956	873	4590	4695	545	3010	2452	2029	2191	1485	39	753	3299	2374	2462	2965	3840	2339	661	1367	592	1841	408	3009	420	1489	2020	1234	2858	1687	73	518	835	4270	3586	1648	2771	3140	3343	1639	1784	2057	4657	2004	3879	310	1332	5146	4535	401	2687	605	4853	963
98	1.0	1640	61	940	2698	900	3275	5054	3175	5170	1271	1214	698	4709	2093	2912	3279	5107	1979	5000
99	1.0	180	3999	4425	1057	4922	2033	2145	4943	4140	3308	3011	2777	1205	5195	201
100	1.0	1360	296	4866	3598	4220
101	1.0	2629	1778	3873	468	2052	4786	2640	583	2675	1487	4499	681	82	2243	590	795	3729	1499	584	4832	2646
102	1.0	1710	3496	3471	4691	1049	5001	1417	4020	2732	3024	1626	1181	4983	2357	2080	1866	91	4813	3001	4115	3200	15	3678	1328	4487	4034	3824	1748	367	2802	1739	3047	3095	2758	3156	1991	2682	3430	2008	1254	2053	5212	4673	4142	1846	2867	4869	817	589	3208	2757	2721	516	4264	4470	3747	1317	1811	1588	1761	3409	2336	2806	178	4855	654	109	3907	2991	4735	1506	3669	3636	2112	978	491	3000	4346	1198	332	344	4321	3025
103	1.0	4758	406	1650	2684	2182
104	1.0	4472	5133	218	1641	586	731
105	1.0	3894	5026	3493	5092	558	2833	1580	3289	3863	2423	4329	918	3394	3060	647	52	3777	1005	3371	5011	730	4945	2006	4265	191	2471	538	2134	4284	3019	3752	4570	798	4744	1402	5109	485	1461	4159	3755	1466	3945	3096	2599	5207	1740	3596	1473	4026	3296	5041	2245	3470	4310	2430	1656	1771	2424	2609	4629	1371	2441	3799	1256	3764	371	3808	4256	2183	3445	5090	706	1726	4515	1282	2180	2857	2089	274	778	3499	3869	3982	4383	767	2208	1470	4716
106	1.0	3359	1356	3450	1795	554	3539	3023	3255	1388	1093	59	1042	3576	871	462	487
107	1.0	5154	502	20	1765	1250	3689
108	1.0	74	3655	1389	3386	4785	1362	998
109	1.0	1312	4353	4507	2143	3479	2445	297	3934	1082	5016	2013	1781	3053	2918	2716	4445	2952	51	347	3277	2086	3085	1864	1152	2936	234	1732	503	2692	4558	4496	1419	3935	5078	921	2378	3918	656	5208	3714	100	577	3610	229	757	579	2337	4823	3177	2428	3965	701	2968	2647	763	1122	2525	2949	4941	2397	1365	1127	2834	2625	2652	1887	2097	3325	4073	4849	3344	1597	1816	3694	3916	3083	761
110	1.0	1890	4541	2470	1541	1609	920	223	2649	4135	1386	3458	1021	4987	4463	4653	4974	3522	3783	1488	4065	1142	5179	4086	1861	338	3508	1080	4298	2715	4745	4587	3860	483	5140	751	5061	1173	961	3369	2812	3707	580	1714	3176	3168	3410	3651	3216	3240	403	2413	2242	3989	4059	3765
111	1.0	903	2394	2456	4701	386	2204	1654	665	333	99
112	1.0	1289	4719	5233	1196	4586	732	2030	2747	1643	990	4184	4408	328	129	754
113	1.0	4640	1772	1396	4108
114	1.0	1885	1218	1905	258	243	289	991	3940	585	23	14	611	1718	4837	4811	4930	1302	1140	2767	2691	3066	4736	1601	4651	4063	2125	4414	4552	4171	3639	4638	4318	1551	3402	3063	2248	5142	2431	1409	1709	651	4242	680	3039	4821	773	542	4162	831	4331	3510	2306	1430	1585	4512	4431	2594	627	4440	372	4521	2557	5056	3872	31	1048	1438	1966	268	2387	194	3477
115	1.0	4597	3491	48	4697	1060	4237	2725	2321	2331	480	4748	771	2154	535	2460	5106	1212	4337	2536	1742	1387	2100	702	3270	1668	3368	4602	977	1877	1891	1504	1691	1411	3314	4054	293	937	2340	2889	1331	44	2570	3890	3449	2701	4452	135	572	1920	536	1255	971	141	4502	5084	5152	2511	3295	3986	1347	4968	271	3880	4482	823	5241	1345
116	1.0	394	2025	3027	2084	4362	2312	989	1139	1655	3719	3750	1161	1658	3045	3198	3356	3607	4345	30	5103	335	1572
117	1.0	3099	2567	4495	1868	1637	4537	4561	4517	3466	4358	3513	2338	3274	3456	3340	846	725	2287	632	1002	1884	2236	1958	1187	4143	342	4995	2969	2911	4028	1937	3301	1686	3351	2101	4410	3866	765	677	2492	2133	1787	3811	4172	3437	3144	1429	3713	2212	3585	4750	1497	4311	3228	1102	4317	3128	447	3427	499	4857	1051	2251	1875	1225	4029	417	3963	399	4474	561	277	2372	1557	1933	4083	498	1121	932	3862	256	3702	4395	819	250	4014	2657
118	1.0	4381	902	58	910	4195	3703	2854	3705	3382	4144	3501	1747	1162	5213	3839	1925	2955	453	3015	4633	4191	103	2799	3125	169	4118	1549	4379	2612	3565	3473	4094	2351	3831	2909	2327	3256	4258	2073	2547	2934	2399	5134	1333	4608	1789	4663	2885	2237	2489	4819	5158	881	3451	387	1335	4295	4773	459	2751	2561	4088	3452	166	4860	1076	3537	4627	3652	663	118	1672	4450	3447
119	1.0	658	88	4023	689	3530	1184	3975	4641	2444	3988	1228	3261	2726	2433	207	1143	3632	511	4360	1926	711	3190	1705	5249	4087	3428	4712	1047	3868	1229	3776	3671	1813	1987	4403	156	1708	3592	1622	4549	738	2510	4947	1615	2479	2677	1233	4188	4294	1746	4076	3118	1338	1437	3094
120	1.0	5073	4981	4550	1738	1840	1642	2463	3504	2410	121	2708	4466	4292
121	1.0	5176	1176	1965	2512	1294	1083	1540	1763	2326
122	1.0	5039	2095	1600	1116	4905	2581	2937	3749	143	3390	4953	4211	3926	3050	3688	3857	4084	290	5114	4091	200	865	3230	4163	1921	4473	3944	187	2475	5216	4589	3263	4779	1144	5245	5244	3553	1914	1834	411	563	3933	733	3766	149	803	5095	4659	2948	607	1077	3582	2343	3633	1859	203	4368	729	3805	1221	4393	2785	4366	1819	40	2808	2776	3682	1706	2720	5072	3797	3738	3014	926	2669	2922	2896	2558	1782	2398	2028	4648	4484	1257	700	829	4611	4205	1722
123	1.0	1119	1303	4726	1931	2719	231	286	708	428	747	3905	3425	919	3415	4924	2575	3093	3233	3506	3380	4906	3658
124	1.0	657	3978	8	2813	1030	4778	4114	4309	982	2447	4948	36	3321	78	3127	4723	3298	312	2807	2170	972	1477	3064	2935	1034	5013	4851	4774	4858	298	4724	2674	4937	2102	4936	336	1790	3985	4825	3518	452	2865	4731	2703	1917	1930	2916	3923	1716	1865	2072	3098	2778	4166	132	5034	66	3525	3423	2685	2308	843	4469	1247	5246	131	2888	2179	3955	4661	3169	5038	4878	3220	3067	405	1112	805	313	4845	1394	2651	3971	163	3822	29	1279	4669	2328	2650	4024	1170	3328	130	1715	1730	2151	138	2696
125	1.0	4518	4316	4438	602
126	1.0	2901	1239	3149	2795	3397	85	4840	1589	5169	2590	3853	3841	2842	2543	1359	2067	4161	4555	914	3121	3795	1151	2572	4190	1464	1617	69	1070	3293	1550	287	4519	906	2185	4442	2210	4675	4997	2049	3355	1019	3936	4904	5128	489	2495
127	1.0	5188	4224	1265	4598	1064	1075	1245	5093	4349	2156	26	1693	2411	5100	3956	4105	464	5125	2942	3908	373	4288	3775	122	3817	5167	93	94	3930	4101	2583	1124	3080	273	279	3559	866	3819	3481	762	4233	3076	5002	916	3268	4652	4876	3391	1949	2946	4182	4297	308	712	1608	2435	3414	4834	5063	1998	2409	4273	1543	1581	4636	2064	2792	426	3590	1542	451	4483	4545
128	1.0	1614	1514	432	3870	1334	743	696	4488	2219	3753	4725	522	1995	4715	3503	735	161	2904	2977	4396	3919	4461	19	2252	2733	1026	5220	3146	95	476	111
129	1.0	2385	4032	3250	1264	4222	3500	2863	599	4315	3426	84	104	2849	3690	2961	5123	722	2563	2491	4693	1631	5210	3895	3546	3617	4932	3032	3983	2673	3643	2250	2827	193	1702	682	1439	2995	2381	2000	341	510	749	3612	2056	541	1776	2960	3847	1788	2359	309	2906	4117	316	1999	652	2800	2524	2488	1570	3017	1197	3759	4938	2408	609	770	419	3912	3137	1669	5033	251	1507	2821	2160	471	3833	4957	2090	1546	3842	4082	358	4662	4707	4809	1582	151	721	1957	4760	2780	2267	4516
130	1.0	2377	2553	4887	4583	1503	1459	4304	2427	3459	513	3616	3626	1823	4407	2709	3661
131	1.0	5110	772	4216	2869
132	1.0	3509	160	520	4206	5224	883	1157	3375	4093	1136	3549	3812	1462	4782	1553	2768	456
133	1.0	1441	3207	1094	2253	1413	4848	2773	4226	3056	1431	4818
134	1.0	2258	1088	4680	1132	242
135	1.0	1252	4921	427	1630	1959	2159	2662	3108	3013	3436	1996	4480	683	1163	2972	4781	999	723	270	198	5130	4223	3330	4428	5156	3740	3049
136	1.0	4754	3771	5174	1538	4596	4160	2198	3040	3942	3480	2914	4631	1993	478	2148	792	3621	593	650	3008	840	3022	2146	2349	1564	2172	4504	5009	2526	4041	1606	4240	1754	325	4371	4755	3910	3736	53	3348	2983	2964	3650	5052	283	1899	3007	148	546	3757	2786	603	1783	1829	828	4677	2481	1869	190	1492	4622	1660	633	1960	4798	4420	4274	2595	3735	4526	4859	2035	4103	2294	4764	4746	3716	2500	1031	2273	4501	1071	4815	639	2729	3566	3854	4003	445
137	1.0	1486	1621	146	2217	4510	3244	1206	1519	4046	179	1903	3974	1087	2213	3136	4492	150	1683	3695	5161	125	2920	1164	3124	4790	4217	2167	3699	1873	2566	4392	2764	2438	117	4599	3685	1148	928	3075	2798	1713	1040	4951	220	363	1498
138	1.0	2931	4777	1780	2277	3393	2930	1452	791	3882
139	1.0	4594	1262	5203
140	1.0	807	4011	2656	3398
141	1.0	2300	4556	1501	3876	4313	3059	2062	2507
142	1.0	662	4095	262	4564	2522	1219	2347
143	1.0	4280	3003	4068
144	1.0	2683	4257	4196	3835	2161	1842	2176	2672	3642	551	4899	3991	2743	2044	534	2031	3285
145	1.0	2718	4417	54	16
146	1.0	2215	5088	4365	2717	319	2902	3365
147	1.0	3977	3802	2083	72	5251	1436	4998	0	1017	1939	5112	4645	674	637	555
148	1.0	1907	3807	4275	752	2690	3756	423	1523	4039	2174	860	4671	2804	2354	3101	441	1870	2429	1577	557	2600	5193	1393	2114	5252	3721	4335	1358	2473	3138	4326	4574	4181	3153	669	1985	3957	5192	4152	4259	2617	469	3631	492	756	4153	3856	3562	3424	3282	3318	5004	2704	885	1480	232	4380	3670	1222	1095	404	3412	2877	833	2697	1355	4766	3803	760	3697	930	3526	1603	4221	4477	1099	2705	3385	636	2947	2059	5116	3893	4009	5031	2341	240	3838	259
149	1.0	1973	1533	1012	1273
150	1.0	2951	2195	5166	3312	872	3849	2783	3151
151	1.0	5129	4634	5119	4551	4128	852	1448	2559	4444	3558	1160	675	1440
152	1.0	3589	3798	4804	2736
153	1.0	5126	886	2272	619	2770	565
154	1.0	595	448	4534	265
155	1.0	3082	1370	4436	157	3028	3837	2825	2319	3487	4157	4421	1796	1948	1561	1678	766	3342	3242	1490	5240	3781	645	3563	2111	3226	1624	1465	4027	1444	4299	2074	56	1374	3614	5091	1836	5205	1825	4642	2192	2539	3303	4579	4398	4092	4213	1188	2586
156	1.0	3065	1992	5015	4768	246	4977	369	684	3114	4262	4456	196	4268	315	1525	5253	4047	4099	996	1750	4007	1123	3435	2348	526	3611	810	3823	1246	1997	1290	2449	3258	1971	4384	1610	3743	4835	1337	2079	2432	2103	3337	2221	2560	4327	4978	1512	21	826	1023	3418	3107	4559	159	1768	3173	3657	4739	5178	3846	1689	5226	1308	3048	3724	967	769	1288	2604	1970	2106	908	1982	189	27	2076	5227
